ORIG(ID)  PERTENECE CONEXS    ID        PESO      
01        100       01        02        09816     
02        160       04        01        09816     03        10992     33        15816     34        15960     
03        170       04        02        10992     04        10680     37        07008     38        13536     
04        100       02        03        10680     05        09168     
05        120       04        04        09168     06        17880     14        17880     15        19608     
06        100       02        05        17880     07        16752     
07        140       04        06        16752     08        20784     24        25488     25        15192     
08        150       04        07        20784     09        11472     24        31104     32        21768     
09        100       01        08        11472     
10        200       01        11        14088     
11        260       04        10        14088     12        10728     28        16848     33        06024     
12        270       04        11        10728     13        09288     29        15216     37        10944     
13        200       02        12        09288     14        14448     
14        200       02        13        14448     05        17880     
15        200       02        05        19608     16        15408     
16        237       06        15        15408     17        18576     20        24000     21        24744     39        27432     40        20232     
17        200       01        16        18576     
18        300       01        19        27648     
19        360       04        18        27648     20        25416     35        15672     36        26856     
20        300       02        19        25416     16        24000     
21        340       04        16        24744     22        22608     25        24792     26        18192     
22        300       01        21        22608     
23        400       01        24        21840     
24        450       04        31        11952     08        31104     23        21840     07        25488     
25        400       02        07        15197     21        24792     
26        470       03        40        15192     41        23232     21        18192     
27        500       01        28        12504     
28        560       03        27        12504     29        18168     11        16848     
29        570       03        28        18168     30        11376     12        15216     
30        500       02        29        11376     31        14664     
31        500       02        30        14664     24        11952     
32        500       01        08        21768     
33        600       02        11        06024     02        15816     
34        600       02        02        15960     35        13416     
35        600       02        34        13416     19        15672     
36        600       01        19        26856     
37        700       02        12        10944     03        07008     
38        700       02        03        13536     39        18264     
39        700       02        38        18264     16        27432     
40        700       02        16        20232     26        15192     
41        700       01        26        23232     